0.0000 0.5574 0.4675 0.4940 0.5485 0.4280 0.4739 0.4345 0.5386 0.4365 0.5202 0.4362 0.4370 0.4988 0.4535 0.4755 0.5322 0.3906 0.4733 0.4504 0.4878 0.5004 0.5585 0.4162 0.4413 0.3667 0.3456 0.5573 0.4080 0.5426 0.4334 0.4981 0.5442 0.5977 0.5439 0.4223 0.4045 0.3439 0.4968 0.3842 0.3560 0.5171 0.2715 0.4818 0.3715 0.4345 0.3755 0.4181 0.6084 0.4206 0.2944 0.3018 0.4494 0.4980 0.4635 0.4734
0.5574 0.0000 0.5539 0.6203 0.5627 0.6245 0.5895 0.5069 0.5804 0.6046 0.5972 0.5882 0.4960 0.7034 0.6509 0.5953 0.5649 0.5556 0.4974 0.5503 0.5893 0.6575 0.7044 0.6707 0.6159 0.4609 0.5629 0.6908 0.5071 0.5144 0.4653 0.6870 0.7031 0.6353 0.5250 0.5602 0.4782 0.4674 0.5713 0.5227 0.3502 0.5465 0.5536 0.6117 0.5372 0.6088 0.6752 0.6181 0.5561 0.6490 0.3514 0.4717 0.5941 0.4664 0.5217 0.5298
0.4675 0.5539 0.0000 0.6348 0.5253 0.4647 0.6885 0.4795 0.5952 0.6489 0.5515 0.6029 0.4703 0.4898 0.5965 0.4863 0.4970 0.6262 0.5065 0.5146 0.6069 0.5488 0.5550 0.5589 0.5484 0.4174 0.4932 0.6257 0.5561 0.3925 0.5319 0.5136 0.5206 0.6039 0.5199 0.7004 0.5063 0.5386 0.6056 0.5212 0.4010 0.5768 0.4400 0.5401 0.5193 0.6291 0.4653 0.5841 0.4879 0.4694 0.2378 0.4953 0.5303 0.4863 0.6006 0.5207
0.4940 0.6203 0.6348 0.0000 0.5988 0.4739 0.6221 0.5741 0.6114 0.5748 0.6510 0.6485 0.5721 0.5619 0.6825 0.6520 0.4698 0.6557 0.5130 0.5559 0.5733 0.5892 0.5436 0.5605 0.5793 0.3898 0.4526 0.5600 0.4839 0.4533 0.5592 0.6087 0.6180 0.6027 0.5657 0.6220 0.5330 0.5623 0.5732 0.5019 0.4107 0.6292 0.5360 0.6687 0.5407 0.6474 0.5877 0.5873 0.4706 0.5793 0.3073 0.4666 0.5975 0.5340 0.6430 0.5649
0.5485 0.5627 0.5253 0.5988 0.0000 0.5544 0.5728 0.4660 0.6404 0.5484 0.6503 0.6053 0.4732 0.4847 0.6811 0.5978 0.6302 0.5759 0.4432 0.6628 0.6165 0.4953 0.5840 0.5685 0.5120 0.4643 0.5286 0.6327 0.5069 0.4342 0.4276 0.5593 0.4668 0.5801 0.5052 0.4933 0.5318 0.4289 0.5341 0.3966 0.4025 0.4780 0.4231 0.4557 0.4668 0.5320 0.4818 0.5148 0.5462 0.4858 0.4647 0.4279 0.4142 0.3561 0.6305 0.5536
0.4280 0.6245 0.4647 0.4739 0.5544 0.0000 0.4481 0.4323 0.5176 0.4836 0.4765 0.4537 0.4528 0.5374 0.4842 0.5086 0.5270 0.4348 0.4160 0.4766 0.4433 0.4710 0.5369 0.5382 0.4865 0.4468 0.4481 0.5316 0.5734 0.4170 0.4129 0.5655 0.5401 0.5649 0.3993 0.4368 0.4215 0.3766 0.4608 0.4412 0.4185 0.4216 0.3749 0.4361 0.4157 0.4918 0.4946 0.4796 0.5004 0.4355 0.3648 0.4934 0.4132 0.3708 0.4257 0.5522
0.4739 0.5895 0.6885 0.6221 0.5728 0.4481 0.0000 0.4779 0.5330 0.5810 0.6041 0.6695 0.4678 0.4915 0.6243 0.5199 0.4458 0.6037 0.5076 0.5233 0.5766 0.5776 0.5358 0.5492 0.5180 0.4455 0.5069 0.6522 0.4674 0.4075 0.5162 0.4921 0.5507 0.5732 0.5807 0.6732 0.4738 0.5821 0.6384 0.5885 0.3728 0.6356 0.4951 0.6468 0.4869 0.6432 0.4964 0.5787 0.4511 0.5440 0.3197 0.4596 0.5611 0.5590 0.7015 0.5407
0.4345 0.5069 0.4795 0.5741 0.4660 0.4323 0.4779 0.0000 0.4964 0.5254 0.5616 0.4335 0.4730 0.4907 0.5121 0.4882 0.5173 0.4767 0.4792 0.4414 0.5048 0.5552 0.4841 0.5245 0.5968 0.3932 0.3783 0.5098 0.4890 0.4216 0.6420 0.5039 0.5420 0.5289 0.5009 0.5554 0.4955 0.4919 0.5394 0.4841 0.4382 0.5609 0.5039 0.5509 0.4705 0.5773 0.5128 0.5684 0.4345 0.5138 0.2534 0.3686 0.5491 0.4527 0.5116 0.4615
0.5386 0.5804 0.5952 0.6114 0.6404 0.5176 0.5330 0.4964 0.0000 0.6549 0.5762 0.5034 0.4492 0.4695 0.6428 0.5586 0.6225 0.6182 0.4615 0.5792 0.5629 0.5782 0.5320 0.5741 0.4853 0.4631 0.4596 0.5411 0.5009 0.5103 0.4837 0.5853 0.4634 0.5966 0.4807 0.5690 0.4850 0.4356 0.5177 0.4461 0.3658 0.5250 0.4171 0.4537 0.4769 0.5273 0.4918 0.5272 0.5269 0.4729 0.3008 0.3448 0.4675 0.3685 0.5537 0.5674
0.4365 0.6046 0.6489 0.5748 0.5484 0.4836 0.5810 0.5254 0.6549 0.0000 0.6146 0.5710 0.4846 0.5142 0.6320 0.5986 0.6040 0.6353 0.4821 0.6209 0.5683 0.6677 0.6479 0.6098 0.5807 0.4622 0.5579 0.6337 0.5408 0.4650 0.5162 0.6384 0.5173 0.5614 0.4971 0.6721 0.5758 0.4850 0.5696 0.4959 0.3875 0.5629 0.4808 0.4937 0.6357 0.5779 0.5213 0.6346 0.4602 0.5525 0.2978 0.4474 0.5521 0.3554 0.5540 0.5492
0.5202 0.5972 0.5515 0.6510 0.6503 0.4765 0.6041 0.5616 0.5762 0.6146 0.0000 0.6114 0.5370 0.5177 0.6358 0.6630 0.5378 0.7042 0.5346 0.5857 0.5880 0.5942 0.5929 0.5607 0.6430 0.4019 0.5134 0.6228 0.4631 0.4797 0.5281 0.5685 0.5681 0.5808 0.5243 0.5925 0.5081 0.5253 0.5382 0.4928 0.4953 0.5628 0.5799 0.6234 0.5156 0.6346 0.5387 0.6138 0.4868 0.5499 0.3808 0.4312 0.5501 0.4879 0.6176 0.5735
0.4362 0.5882 0.6029 0.6485 0.6053 0.4537 0.6695 0.4335 0.5034 0.5710 0.6114 0.0000 0.4878 0.4937 0.5834 0.5731 0.4580 0.6623 0.3999 0.5670 0.5021 0.4481 0.4932 0.4699 0.5135 0.3186 0.4615 0.6353 0.4704 0.3577 0.4356 0.4494 0.4669 0.4907 0.5066 0.5834 0.4471 0.5952 0.4847 0.4213 0.3110 0.5046 0.3922 0.5175 0.4847 0.5833 0.4593 0.4626 0.4625 0.4044 0.3797 0.4826 0.4219 0.4215 0.6368 0.4864
0.4370 0.4960 0.4703 0.5721 0.4732 0.4528 0.4678 0.4730 0.4492 0.4846 0.5370 0.4878 0.0000 0.4861 0.5081 0.5350 0.3937 0.4963 0.4683 0.4413 0.4256 0.4778 0.4999 0.4388 0.5330 0.2743 0.3485 0.4505 0.4519 0.3993 0.5408 0.5101 0.5118 0.4838 0.4743 0.4726 0.5035 0.4748 0.4243 0.3936 0.3401 0.5090 0.3544 0.4922 0.5089 0.5085 0.4354 0.4810 0.4308 0.4310 0.2979 0.4163 0.4739 0.4680 0.5140 0.4981
0.4988 0.7034 0.4898 0.5619 0.4847 0.5374 0.4915 0.4907 0.4695 0.5142 0.5177 0.4937 0.4861 0.0000 0.5063 0.5076 0.5002 0.4797 0.4239 0.5214 0.5285 0.5731 0.6645 0.5794 0.5511 0.3805 0.5353 0.5648 0.5408 0.4901 0.4664 0.6195 0.6751 0.5964 0.5657 0.5268 0.4531 0.4499 0.5554 0.5422 0.3517 0.5439 0.4954 0.5084 0.4841 0.5812 0.6079 0.5836 0.5386 0.5895 0.2875 0.4141 0.5935 0.4984 0.4816 0.4392
0.4535 0.6509 0.5965 0.6825 0.6811 0.4842 0.6243 0.5121 0.6428 0.6320 0.6358 0.5834 0.5081 0.5063 0.0000 0.5873 0.5934 0.5813 0.4501 0.6910 0.6124 0.5843 0.6197 0.6757 0.5932 0.4945 0.6010 0.5832 0.4604 0.4769 0.4774 0.6527 0.5544 0.5881 0.4982 0.5850 0.5911 0.4430 0.6220 0.4338 0.4271 0.5303 0.5828 0.5952 0.5795 0.5861 0.6148 0.6249 0.5206 0.6058 0.4177 0.4693 0.5374 0.4048 0.6484 0.5528
0.4755 0.5953 0.4863 0.6520 0.5978 0.5086 0.5199 0.4882 0.5586 0.5986 0.6630 0.5731 0.5350 0.5076 0.5873 0.0000 0.5016 0.5692 0.5149 0.5939 0.5296 0.5343 0.5745 0.5385 0.5511 0.3594 0.4889 0.6131 0.4227 0.5162 0.4669 0.6271 0.4810 0.5784 0.4389 0.5268 0.5196 0.4066 0.4156 0.3807 0.4245 0.4663 0.4782 0.4853 0.5727 0.5366 0.4765 0.5062 0.5105 0.4619 0.3504 0.4432 0.4443 0.3522 0.5732 0.5238
0.5322 0.5649 0.4970 0.4698 0.6302 0.5270 0.4458 0.5173 0.6225 0.6040 0.5378 0.4580 0.3937 0.5002 0.5934 0.5016 0.0000 0.4966 0.3962 0.5598 0.5831 0.5136 0.5828 0.5624 0.5041 0.5020 0.4978 0.5776 0.5789 0.4655 0.4635 0.5544 0.4546 0.5337 0.4549 0.4745 0.4581 0.3779 0.5031 0.3614 0.4268 0.4235 0.3867 0.4041 0.4480 0.4697 0.4668 0.5113 0.5509 0.4400 0.3889 0.3549 0.3851 0.3180 0.4728 0.5252
0.3906 0.5556 0.6262 0.6557 0.5759 0.4348 0.6037 0.4767 0.6182 0.6353 0.7042 0.6623 0.4963 0.4797 0.5813 0.5692 0.4966 0.0000 0.4612 0.4972 0.5236 0.5036 0.5219 0.4658 0.5455 0.3409 0.4486 0.5622 0.5029 0.3489 0.4621 0.4964 0.4760 0.4718 0.4870 0.6422 0.4092 0.5761 0.4913 0.4808 0.2989 0.5207 0.5028 0.5601 0.4389 0.5671 0.5216 0.5438 0.3515 0.4838 0.2426 0.3627 0.4842 0.3959 0.6064 0.4875
0.4733 0.4974 0.5065 0.5130 0.4432 0.4160 0.5076 0.4792 0.4615 0.4821 0.5346 0.3999 0.4683 0.4239 0.4501 0.5149 0.3962 0.4612 0.0000 0.4162 0.5175 0.5534 0.4860 0.4854 0.5607 0.3214 0.3723 0.5046 0.4206 0.3882 0.4460 0.4750 0.4917 0.4816 0.4746 0.5486 0.4665 0.4115 0.4832 0.4693 0.4051 0.5445 0.4040 0.5496 0.5064 0.4867 0.4462 0.4898 0.3758 0.4716 0.2140 0.3126 0.4437 0.4081 0.4984 0.3806
0.4504 0.5503 0.5146 0.5559 0.6628 0.4766 0.5233 0.4414 0.5792 0.6209 0.5857 0.5670 0.4413 0.5214 0.6910 0.5939 0.5598 0.4972 0.4162 0.0000 0.6009 0.5412 0.6728 0.6027 0.5292 0.3981 0.7169 0.5945 0.4778 0.4427 0.4180 0.6417 0.4604 0.5690 0.4701 0.5045 0.6519 0.3895 0.5591 0.3963 0.4158 0.4996 0.4847 0.4099 0.5787 0.5259 0.5216 0.5629 0.5029 0.4937 0.4311 0.3899 0.4398 0.3472 0.6360 0.4614
0.4878 0.5893 0.6069 0.5733 0.6165 0.4433 0.5766 0.5048 0.5629 0.5683 0.5880 0.5021 0.4256 0.5285 0.6124 0.5296 0.5831 0.5236 0.5175 0.6009 0.0000 0.5780 0.6483 0.6220 0.5416 0.4642 0.5718 0.6268 0.5144 0.4190 0.4471 0.5981 0.5353 0.5601 0.5556 0.5788 0.5385 0.3865 0.5961 0.4427 0.4198 0.4714 0.5313 0.4996 0.5331 0.5303 0.4878 0.5626 0.4729 0.5181 0.3409 0.4576 0.4506 0.3672 0.5297 0.4231
0.5004 0.6575 0.5488 0.5892 0.4953 0.4710 0.5776 0.5552 0.5782 0.6677 0.5942 0.4481 0.4778 0.5731 0.5843 0.5343 0.5136 0.5036 0.5534 0.5412 0.5780 0.0000 0.6952 0.6527 0.6121 0.4952 0.5589 0.5928 0.4746 0.5066 0.4996 0.6416 0.6238 0.5810 0.6077 0.6926 0.5579 0.4972 0.6817 0.6680 0.4318 0.6699 0.5930 0.6731 0.6587 0.6341 0.6316 0.7390 0.4470 0.6978 0.2550 0.3513 0.6753 0.4853 0.5585 0.4886
0.5585 0.7044 0.5550 0.5436 0.5840 0.5369 0.5358 0.4841 0.5320 0.6479 0.5929 0.4932 0.4999 0.6645 0.6197 0.5745 0.5828 0.5219 0.4860 0.6728 0.6483 0.6952 0.0000 0.6726 0.5649 0.4071 0.6662 0.6175 0.5154 0.4557 0.4525 0.7350 0.6750 0.5802 0.5671 0.5917 0.5428 0.4007 0.6106 0.5592 0.3649 0.6363 0.5709 0.5535 0.6071 0.5725 0.6454 0.7352 0.4661 0.6868 0.3058 0.3529 0.6313 0.4490 0.5225 0.4081
0.4162 0.6707 0.5589 0.5605 0.5685 0.5382 0.5492 0.5245 0.5741 0.6098 0.5607 0.4699 0.4388 0.5794 0.6757 0.5385 0.5624 0.4658 0.4854 0.6027 0.6220 0.6527 0.6726 0.0000 0.6046 0.5398 0.5780 0.5812 0.4991 0.4684 0.4685 0.6785 0.6189 0.5961 0.5470 0.5822 0.5689 0.4551 0.6872 0.5554 0.4649 0.5665 0.5843 0.5600 0.6095 0.5878 0.7355 0.6935 0.5407 0.6680 0.3799 0.5131 0.6051 0.4368 0.4883 0.4691
0.4413 0.6159 0.5484 0.5793 0.5120 0.4865 0.5180 0.5968 0.4853 0.5807 0.6430 0.5135 0.5330 0.5511 0.5932 0.5511 0.5041 0.5455 0.5607 0.5292 0.5416 0.6121 0.5649 0.6046 0.0000 0.3790 0.4450 0.5945 0.4791 0.4660 0.4867 0.5564 0.5975 0.5891 0.5668 0.5811 0.5750 0.5533 0.5324 0.5419 0.5223 0.5392 0.5461 0.5774 0.5959 0.6603 0.5828 0.6614 0.5183 0.5888 0.3262 0.4929 0.5805 0.4813 0.5366 0.5441
0.3667 0.4609 0.4174 0.3898 0.4643 0.4468 0.4455 0.3932 0.4631 0.4622 0.4019 0.3186 0.2743 0.3805 0.4945 0.3594 0.5020 0.3409 0.3214 0.3981 0.4642 0.4952 0.4071 0.5398 0.3790 0.0000 0.4779 0.4853 0.4293 0.3732 0.3305 0.4345 0.3994 0.4236 0.3902 0.4715 0.3624 0.3179 0.5959 0.3510 0.3963 0.3879 0.4218 0.4426 0.4527 0.4119 0.4585 0.4854 0.3978 0.4419 0.3104 0.4118 0.3964 0.3213 0.3374 0.5012
0.3456 0.5629 0.4932 0.4526 0.5286 0.4481 0.5069 0.3783 0.4596 0.5579 0.5134 0.4615 0.3485 0.5353 0.6010 0.4889 0.4978 0.4486 0.3723 0.7169 0.5718 0.5589 0.6662 0.5780 0.4450 0.4779 0.0000 0.5419 0.4395 0.3196 0.3643 0.5859 0.5559 0.4586 0.4454 0.5104 0.5382 0.3569 0.5753 0.4452 0.3350 0.4820 0.5916 0.4380 0.5080 0.4534 0.5858 0.5830 0.3765 0.5586 0.3315 0.2939 0.4507 0.3689 0.5474 0.3275
0.5573 0.6908 0.6257 0.5600 0.6327 0.5316 0.6522 0.5098 0.5411 0.6337 0.6228 0.6353 0.4505 0.5648 0.5832 0.6131 0.5776 0.5622 0.5046 0.5945 0.6268 0.5928 0.6175 0.5812 0.5945 0.4853 0.5419 0.0000 0.5088 0.4669 0.4846 0.6066 0.5355 0.6372 0.5251 0.5869 0.4510 0.5277 0.6018 0.4792 0.3895 0.5011 0.5155 0.5397 0.5074 0.5896 0.5013 0.5572 0.5368 0.5164 0.4162 0.5414 0.4773 0.4264 0.6056 0.5349
0.4080 0.5071 0.5561 0.4839 0.5069 0.5734 0.4674 0.4890 0.5009 0.5408 0.4631 0.4704 0.4519 0.5408 0.4604 0.4227 0.5789 0.5029 0.4206 0.4778 0.5144 0.4746 0.5154 0.4991 0.4791 0.4293 0.4395 0.5088 0.0000 0.3419 0.4804 0.4808 0.5274 0.5507 0.4927 0.5466 0.4476 0.5204 0.5063 0.5157 0.3842 0.4954 0.4154 0.4577 0.4174 0.5560 0.4921 0.5196 0.4468 0.4435 0.2743 0.3954 0.4699 0.4536 0.4785 0.4682
0.5426 0.5144 0.3925 0.4533 0.4342 0.4170 0.4075 0.4216 0.5103 0.4650 0.4797 0.3577 0.3993 0.4901 0.4769 0.5162 0.4655 0.3489 0.3882 0.4427 0.4190 0.5066 0.4557 0.4684 0.4660 0.3732 0.3196 0.4669 0.3419 0.0000 0.3771 0.5609 0.4355 0.6175 0.4356 0.4173 0.3798 0.3194 0.3970 0.3221 0.4177 0.3804 0.3236 0.3648 0.4695 0.4369 0.3470 0.4135 0.5941 0.3978 0.3154 0.3547 0.4500 0.3872 0.4099 0.4985
0.4334 0.4653 0.5319 0.5592 0.4276 0.4129 0.5162 0.6420 0.4837 0.5162 0.5281 0.4356 0.5408 0.4664 0.4774 0.4669 0.4635 0.4621 0.4460 0.4180 0.4471 0.4996 0.4525 0.4685 0.4867 0.3305 0.3643 0.4846 0.4804 0.3771 0.0000 0.4567 0.5507 0.4946 0.4290 0.5449 0.4433 0.5262 0.5194 0.4558 0.3770 0.5720 0.3949 0.5345 0.4302 0.5369 0.4296 0.5208 0.4166 0.4465 0.2341 0.3903 0.4764 0.4974 0.5202 0.4640
0.4981 0.6870 0.5136 0.6087 0.5593 0.5655 0.4921 0.5039 0.5853 0.6384 0.5685 0.4494 0.5101 0.6195 0.6527 0.6271 0.5544 0.4964 0.4750 0.6417 0.5981 0.6416 0.7350 0.6785 0.5564 0.4345 0.5859 0.6066 0.4808 0.5609 0.4567 0.0000 0.6727 0.6650 0.5349 0.5398 0.5394 0.3843 0.5830 0.4816 0.4587 0.5786 0.6009 0.5390 0.6516 0.5607 0.6836 0.6633 0.4998 0.6953 0.3352 0.3975 0.6187 0.4314 0.5096 0.4409
0.5442 0.7031 0.5206 0.6180 0.4668 0.5401 0.5507 0.5420 0.4634 0.5173 0.5681 0.4669 0.5118 0.6751 0.5544 0.4810 0.4546 0.4760 0.4917 0.4604 0.5353 0.6238 0.6750 0.6189 0.5975 0.3994 0.5559 0.5355 0.5274 0.4355 0.5507 0.6727 0.0000 0.5995 0.6459 0.5576 0.4569 0.5130 0.6352 0.6339 0.3843 0.6962 0.6238 0.6657 0.5020 0.6349 0.7076 0.6729 0.4459 0.7638 0.2517 0.3932 0.7465 0.6164 0.5181 0.4280
0.5977 0.6353 0.6039 0.6027 0.5801 0.5649 0.5732 0.5289 0.5966 0.5614 0.5808 0.4907 0.4838 0.5964 0.5881 0.5784 0.5337 0.4718 0.4816 0.5690 0.5601 0.5810 0.5802 0.5961 0.5891 0.4236 0.4586 0.6372 0.5507 0.6175 0.4946 0.6650 0.5995 0.0000 0.5401 0.5399 0.4986 0.4822 0.5830 0.5101 0.5087 0.5337 0.4886 0.5449 0.5154 0.6451 0.5232 0.5880 0.6184 0.5389 0.3506 0.4900 0.5665 0.4988 0.5505 0.5503
0.5439 0.5250 0.5199 0.5657 0.5052 0.3993 0.5807 0.5009 0.4807 0.4971 0.5243 0.5066 0.4743 0.5657 0.4982 0.4389 0.4549 0.4870 0.4746 0.4701 0.5556 0.6077 0.5671 0.5470 0.5668 0.3902 0.4454 0.5251 0.4927 0.4356 0.4290 0.5349 0.6459 0.5401 0.0000 0.5940 0.5220 0.5657 0.5986 0.5827 0.3540 0.6840 0.4919 0.5682 0.4829 0.6134 0.5581 0.6161 0.5406 0.5894 0.2785 0.3606 0.6798 0.5480 0.5788 0.4191
0.4223 0.5602 0.7004 0.6220 0.4933 0.4368 0.6732 0.5554 0.5690 0.6721 0.5925 0.5834 0.4726 0.5268 0.5850 0.5268 0.4745 0.6422 0.5486 0.5045 0.5788 0.6926 0.5917 0.5822 0.5811 0.4715 0.5104 0.5869 0.5466 0.4173 0.5449 0.5398 0.5576 0.5399 0.5940 0.0000 0.5308 0.5890 0.6771 0.6613 0.3839 0.6941 0.5615 0.6369 0.6387 0.6548 0.5686 0.6974 0.3890 0.5879 0.2307 0.3919 0.6250 0.4922 0.6298 0.4870
0.4045 0.4782 0.5063 0.5330 0.5318 0.4215 0.4738 0.4955 0.4850 0.5758 0.5081 0.4471 0.5035 0.4531 0.5911 0.5196 0.4581 0.4092 0.4665 0.6519 0.5385 0.5579 0.5428 0.5689 0.5750 0.3624 0.5382 0.4510 0.4476 0.3798 0.4433 0.5394 0.4569 0.4986 0.5220 0.5308 0.0000 0.3785 0.5012 0.4182 0.4266 0.5128 0.3968 0.4308 0.6277 0.5173 0.4749 0.5472 0.4809 0.4679 0.3104 0.3726 0.4422 0.3471 0.5144 0.4296
0.3439 0.4674 0.5386 0.5623 0.4289 0.3766 0.5821 0.4919 0.4356 0.4850 0.5253 0.5952 0.4748 0.4499 0.4430 0.4066 0.3779 0.5761 0.4115 0.3895 0.3865 0.4972 0.4007 0.4551 0.5533 0.3179 0.3569 0.5277 0.5204 0.3194 0.5262 0.3843 0.5130 0.4822 0.5657 0.5890 0.3785 0.0000 0.5074 0.5601 0.3032 0.5572 0.4663 0.5249 0.4287 0.6200 0.4984 0.5244 0.4020 0.4492 0.2742 0.3791 0.5359 0.5629 0.5601 0.4345
0.4968 0.5713 0.6056 0.5732 0.5341 0.4608 0.6384 0.5394 0.5177 0.5696 0.5382 0.4847 0.4243 0.5554 0.6220 0.4156 0.5031 0.4913 0.4832 0.5591 0.5961 0.6817 0.6106 0.6872 0.5324 0.5959 0.5753 0.6018 0.5063 0.3970 0.5194 0.5830 0.6352 0.5830 0.5986 0.6771 0.5012 0.5074 0.0000 0.6283 0.3858 0.6804 0.5923 0.7143 0.6003 0.6041 0.6511 0.7027 0.4593 0.6651 0.3124 0.4097 0.6471 0.5310 0.5859 0.4343
0.3842 0.5227 0.5212 0.5019 0.3966 0.4412 0.5885 0.4841 0.4461 0.4959 0.4928 0.4213 0.3936 0.5422 0.4338 0.3807 0.3614 0.4808 0.4693 0.3963 0.4427 0.6680 0.5592 0.5554 0.5419 0.3510 0.4452 0.4792 0.5157 0.3221 0.4558 0.4816 0.6339 0.5101 0.5827 0.6613 0.4182 0.5601 0.6283 0.0000 0.3523 0.6740 0.5721 0.6186 0.4316 0.6654 0.6482 0.7017 0.3335 0.6709 0.1767 0.3093 0.6983 0.6300 0.5384 0.3902
0.3560 0.3502 0.4010 0.4107 0.4025 0.4185 0.3728 0.4382 0.3658 0.3875 0.4953 0.3110 0.3401 0.3517 0.4271 0.4245 0.4268 0.2989 0.4051 0.4158 0.4198 0.4318 0.3649 0.4649 0.5223 0.3963 0.3350 0.3895 0.3842 0.4177 0.3770 0.4587 0.3843 0.5087 0.3540 0.3839 0.4266 0.3032 0.3858 0.3523 0.0000 0.3812 0.3488 0.3668 0.4114 0.4431 0.3626 0.4539 0.4165 0.3679 0.2566 0.4108 0.3701 0.3671 0.3756 0.5094
0.5171 0.5465 0.5768 0.6292 0.4780 0.4216 0.6356 0.5609 0.5250 0.5629 0.5628 0.5046 0.5090 0.5439 0.5303 0.4663 0.4235 0.5207 0.5445 0.4996 0.4714 0.6699 0.6363 0.5665 0.5392 0.3879 0.4820 0.5011 0.4954 0.3804 0.5720 0.5786 0.6962 0.5337 0.6840 0.6941 0.5128 0.5572 0.6804 0.6740 0.3812 0.0000 0.5414 0.7080 0.5586 0.6448 0.6343 0.6996 0.4064 0.6918 0.2189 0.3174 0.7408 0.6270 0.6219 0.4452
0.2715 0.5536 0.4400 0.5360 0.4231 0.3749 0.4951 0.5039 0.4171 0.4808 0.5799 0.3922 0.3544 0.4954 0.5828 0.4782 0.3867 0.5028 0.4040 0.4847 0.5313 0.5930 0.5709 0.5843 0.5461 0.4218 0.5916 0.5155 0.4154 0.3236 0.3949 0.6009 0.6238 0.4886 0.4919 0.5615 0.3968 0.4663 0.5923 0.5721 0.3488 0.5414 0.0000 0.6351 0.5173 0.5797 0.7386 0.6838 0.2650 0.7197 0.2651 0.3054 0.6383 0.4682 0.5440 0.3087
0.4818 0.6117 0.5401 0.6687 0.4557 0.4361 0.6468 0.5509 0.4537 0.4937 0.6234 0.5175 0.4922 0.5084 0.5952 0.4853 0.4041 0.5601 0.5496 0.4099 0.4996 0.6731 0.5535 0.5600 0.5774 0.4426 0.4380 0.5397 0.4577 0.3648 0.5345 0.5390 0.6657 0.5449 0.5682 0.6369 0.4308 0.5249 0.7143 0.6186 0.3668 0.7080 0.6351 0.0000 0.5282 0.6283 0.6523 0.6695 0.3456 0.6827 0.2370 0.3586 0.6543 0.5972 0.5801 0.4369
0.3715 0.5372 0.5193 0.5407 0.4668 0.4157 0.4869 0.4705 0.4769 0.6357 0.5156 0.4847 0.5089 0.4841 0.5795 0.5727 0.4480 0.4389 0.5064 0.5787 0.5331 0.6587 0.6071 0.6095 0.5959 0.4527 0.5080 0.5074 0.4174 0.4695 0.4302 0.6516 0.5020 0.5154 0.4829 0.6387 0.6277 0.4287 0.6003 0.4316 0.4114 0.5586 0.5173 0.5282 0.0000 0.5341 0.5557 0.6537 0.4470 0.5710 0.2650 0.4022 0.5593 0.3657 0.4984 0.4266
0.4345 0.6088 0.6291 0.6474 0.5320 0.4918 0.6432 0.5773 0.5273 0.5779 0.6346 0.5833 0.5085 0.5812 0.5861 0.5366 0.4697 0.5671 0.4867 0.5259 0.5303 0.6341 0.5725 0.5878 0.6603 0.4119 0.4534 0.5896 0.5560 0.4369 0.5369 0.5607 0.6349 0.6451 0.6134 0.6548 0.5173 0.6200 0.6041 0.6654 0.4431 0.6448 0.5797 0.6283 0.5341 0.0000 0.6199 0.6796 0.4934 0.6232 0.3147 0.4410 0.6937 0.6246 0.6140 0.5494
0.3755 0.6752 0.4653 0.5877 0.4818 0.4946 0.4964 0.5128 0.4918 0.5213 0.5387 0.4593 0.4354 0.6079 0.6148 0.4765 0.4668 0.5216 0.4462 0.5216 0.4878 0.6316 0.6454 0.7355 0.5828 0.4585 0.5858 0.5013 0.4921 0.3470 0.4296 0.6836 0.7076 0.5232 0.5581 0.5686 0.4749 0.4984 0.6511 0.6482 0.3626 0.6343 0.7386 0.6523 0.5557 0.6199 0.0000 0.7423 0.3790 0.8023 0.3292 0.3627 0.7049 0.5363 0.5064 0.3599
0.4181 0.6181 0.5841 0.5873 0.5148 0.4796 0.5787 0.5684 0.5272 0.6346 0.6138 0.4626 0.4810 0.5836 0.6249 0.5062 0.5113 0.5438 0.4898 0.5629 0.5626 0.7390 0.7352 0.6935 0.6614 0.4854 0.5830 0.5572 0.5196 0.4135 0.5208 0.6633 0.6729 0.5880 0.6161 0.6974 0.5472 0.5244 0.7027 0.7017 0.4539 0.6996 0.6838 0.6695 0.6537 0.6796 0.7423 0.0000 0.4289 0.7727 0.2596 0.3896 0.7487 0.5400 0.5900 0.4655
0.6084 0.5561 0.4879 0.4706 0.5462 0.5004 0.4511 0.4345 0.5269 0.4602 0.4868 0.4625 0.4308 0.5386 0.5206 0.5105 0.5509 0.3515 0.3758 0.5029 0.4729 0.4470 0.4661 0.5407 0.5183 0.3978 0.3765 0.5368 0.4468 0.5941 0.4166 0.4998 0.4459 0.6184 0.5406 0.3890 0.4809 0.4020 0.4593 0.3335 0.4165 0.4064 0.2650 0.3456 0.4470 0.4934 0.3790 0.4289 0.0000 0.3398 0.4003 0.4572 0.4239 0.4504 0.4646 0.5267
0.4206 0.6490 0.4694 0.5793 0.4858 0.4355 0.5440 0.5138 0.4729 0.5525 0.5499 0.4044 0.4310 0.5895 0.6058 0.4619 0.4400 0.4838 0.4716 0.4937 0.5181 0.6978 0.6868 0.6680 0.5888 0.4419 0.5586 0.5164 0.4435 0.3978 0.4465 0.6953 0.7638 0.5389 0.5894 0.5879 0.4679 0.4492 0.6651 0.6709 0.3679 0.6918 0.7197 0.6827 0.5710 0.6232 0.8023 0.7727 0.3398 0.0000 0.2488 0.3120 0.7808 0.5113 0.5132 0.3692
0.2944 0.3514 0.2378 0.3073 0.4647 0.3648 0.3197 0.2534 0.3008 0.2978 0.3808 0.3797 0.2979 0.2875 0.4177 0.3504 0.3889 0.2426 0.2140 0.4311 0.3409 0.2550 0.3058 0.3799 0.3262 0.3104 0.3315 0.4162 0.2743 0.3154 0.2341 0.3352 0.2517 0.3506 0.2785 0.2307 0.3104 0.2742 0.3124 0.1767 0.2566 0.2189 0.2651 0.2370 0.2650 0.3147 0.3292 0.2596 0.4003 0.2488 0.0000 0.4146 0.2217 0.2510 0.3676 0.3550
0.3018 0.4717 0.4953 0.4666 0.4279 0.4934 0.4596 0.3686 0.3448 0.4474 0.4312 0.4826 0.4163 0.4141 0.4693 0.4432 0.3549 0.3627 0.3126 0.3899 0.4576 0.3513 0.3529 0.5131 0.4929 0.4118 0.2939 0.5414 0.3954 0.3547 0.3903 0.3975 0.3932 0.4900 0.3606 0.3919 0.3726 0.3791 0.4097 0.3093 0.4108 0.3174 0.3054 0.3586 0.4022 0.4410 0.3627 0.3896 0.4572 0.3120 0.4146 0.0000 0.3679 0.3065 0.3460 0.5359
0.4494 0.5941 0.5303 0.5975 0.4142 0.4132 0.5611 0.5491 0.4675 0.5521 0.5501 0.4219 0.4739 0.5935 0.5374 0.4443 0.3851 0.4842 0.4437 0.4398 0.4506 0.6753 0.6313 0.6051 0.5805 0.3964 0.4507 0.4773 0.4699 0.4500 0.4764 0.6187 0.7465 0.5665 0.6798 0.6250 0.4422 0.5359 0.6471 0.6983 0.3701 0.7408 0.6383 0.6543 0.5593 0.6937 0.7049 0.7487 0.4239 0.7808 0.2217 0.3679 0.0000 0.6071 0.5342 0.4201
0.4980 0.4664 0.4863 0.5340 0.3561 0.3708 0.5590 0.4527 0.3685 0.3554 0.4879 0.4215 0.4680 0.4984 0.4048 0.3522 0.3180 0.3959 0.4081 0.3472 0.3672 0.4853 0.4490 0.4368 0.4813 0.3213 0.3689 0.4264 0.4536 0.3872 0.4974 0.4314 0.6164 0.4988 0.5480 0.4922 0.3471 0.5629 0.5310 0.6300 0.3671 0.6270 0.4682 0.5972 0.3657 0.6246 0.5363 0.5400 0.4504 0.5113 0.2510 0.3065 0.6071 0.0000 0.5068 0.4339
0.4635 0.5217 0.6006 0.6430 0.6305 0.4257 0.7015 0.5116 0.5537 0.5540 0.6176 0.6368 0.5140 0.4816 0.6484 0.5732 0.4728 0.6064 0.4984 0.6360 0.5297 0.5585 0.5225 0.4883 0.5366 0.3374 0.5474 0.6056 0.4785 0.4099 0.5202 0.5096 0.5181 0.5505 0.5788 0.6298 0.5144 0.5601 0.5859 0.5384 0.3756 0.6219 0.5440 0.5801 0.4984 0.6140 0.5064 0.5900 0.4646 0.5132 0.3676 0.3460 0.5342 0.5068 0.0000 0.5041
0.4734 0.5298 0.5207 0.5649 0.5536 0.5522 0.5407 0.4615 0.5674 0.5492 0.5735 0.4864 0.4981 0.4392 0.5528 0.5238 0.5252 0.4875 0.3806 0.4614 0.4231 0.4886 0.4081 0.4691 0.5441 0.5012 0.3275 0.5349 0.4682 0.4985 0.4640 0.4409 0.4280 0.5503 0.4191 0.4870 0.4296 0.4345 0.4343 0.3902 0.5094 0.4452 0.3087 0.4369 0.4266 0.5494 0.3599 0.4655 0.5267 0.3692 0.3550 0.5359 0.4201 0.4339 0.5041 0.0000
